5773.8806532946 0.8835105204207139
5740.96988640893 1.325265780631071
5708.440375037293 1.318102595380424
5677.629726870269 1.153339770958155
5646.819078703246 1.977153893070863
5616.832244658322 2.30667954191631
5588.65780168206 2.636205190761757
5560.648121530221 2.636205190761302
5533.956543973763 2.471442366339033
5507.759254890571 2.30667954191631
5482.715305578335 2.30667954191631
5458.659933212637 2.636205190761302
5434.934086495785 2.636205190761302
5412.032053901046 2.965730839606749
5389.95383542842 2.30667954191631
5368.534668253484 2.30667954191631
5348.104078025083 1.977153893070863
5328.662064743218 2.141916717493586
5308.725762988086 2.141916717493586
5291.425666423715 1.977153893070863
5273.96080703492 2.30667954191631
5256.660710470538 1.812391068648594
5240.184428028278 1.812391068648594
5225.191011005824 2.141916717493586
5209.868068334524 1.812391068648139
5196.027991083027 1.812391068648139
5181.858388182684 1.812391068648139
5169.171650702146 1.977153893070863
5156.649676046029 1.482865419803147
5144.786752687603 1.482865419803147
5133.418117802445 1.647628244225871
5123.367585512668 1.647628244225871
5112.822764749622 1.647628244225871
5103.101758108689 1.647628244225871
5094.534091238715 1.647628244225871
5085.801661544318 1.318102595380424
5077.728283147611 1.482865419803602
5070.149193224173 1.482865419803147
5062.734866125156 0.9885769465354315
5056.144353148241 1.318102595380878
5049.553840171338 1.318102595380424
5043.622378492125 1.318102595380878
