5429.496913289842 0.9885769465354315
5451.245606113624 1.812391068648594
5473.982875883939 1.977153893071318
5497.708722600792 1.977153893070863
5522.258383439756 2.141916717493586
5546.972807103144 1.977153893071318
5573.005333361913 1.812391068648139
5600.026436567216 1.977153893070863
5627.70659107021 1.812391068648139
5656.210559695322 1.977153893071318
5686.03263091581 2.471442366338579
5716.01946496072 2.471442366338579
5747.159638776589 1.977153893070863
5779.617915187837 1.482865419803147
5812.076191599086 1.482865419803147
5846.676384727845 1.1533397709577
