Oscilloscope data. 
Time step = 100,0 nS
Voltage step = 31,25 mV
Zero level = 128

N 	Smpl.	Trig

0	99	0
1	103	0
2	105	0
3	111	0
4	113	0
5	117	0
6	121	0
7	125	0
8	129	0
9	133	0
10	137	0
11	141	0
12	145	0
13	149	0
14	153	0
15	156	0
16	160	0
17	164	0
18	167	0
19	171	0
20	173	0
21	176	0
22	179	0
23	181	0
24	183	0
25	185	0
26	187	0
27	189	0
28	189	0
29	191	0
30	192	0
31	192	0
32	193	0
33	193	0
34	193	0
35	192	0
36	192	0
37	191	0
38	189	0
39	188	0
40	185	0
41	184	0
42	182	0
43	180	0
44	177	0
45	175	0
46	171	0
47	168	0
48	165	0
49	161	0
50	159	0
51	155	0
52	151	0
53	147	0
54	144	0
55	139	0
56	136	0
57	131	0
58	127	0
59	123	0
60	119	0
61	115	0
62	111	0
63	108	0
64	105	0
65	100	0
66	97	0
67	93	0
68	91	0
69	87	0
70	84	0
71	81	0
72	79	0
73	76	0
74	74	0
75	72	0
76	70	0
77	69	0
78	67	0
79	66	0
80	65	0
81	65	0
82	65	0
83	64	0
84	65	0
85	65	0
86	65	0
87	67	0
88	68	0
89	69	0
90	71	0
91	73	0
92	75	0
93	77	0
94	80	0
95	83	0
96	85	0
97	89	0
98	92	0
99	95	0
100	99	0
101	102	0
102	107	0
103	110	0
104	113	0
105	117	0
106	121	0
107	125	0
108	130	0
109	133	0
110	139	0
111	141	0
112	145	0
113	149	0
114	153	0
115	157	0
116	160	0
117	164	0
118	167	0
119	171	0
120	173	0
121	176	0
122	179	0
123	181	0
124	183	0
125	185	0
126	187	0
127	188	0
128	189	0
129	191	0
130	193	0
131	192	0
132	193	0
133	193	0
134	193	0
135	192	0
136	191	0
137	191	0
138	189	0
139	187	0
140	187	0
141	184	0
142	181	0
143	179	0
144	177	0
145	175	0
146	172	0
147	169	0
148	165	0
149	161	0
150	159	0
151	155	0
152	151	0
153	147	0
154	143	0
155	139	0
156	136	0
157	131	0
158	127	0
159	123	0
160	119	0
161	115	0
162	112	0
163	108	0
164	104	0
165	100	0
166	97	0
167	93	0
168	89	0
169	87	0
170	84	0
171	81	0
172	78	0
173	76	0
174	75	0
175	71	0
176	70	0
177	69	0
178	67	0
179	66	0
180	65	0
181	65	0
182	65	0
183	64	0
184	65	0
185	65	0
186	65	0
187	67	0
188	68	0
189	69	0
190	71	0
191	73	0
192	75	0
193	77	0
194	80	0
195	83	0
196	87	0
197	89	0
198	92	0
199	95	0
200	99	0
201	103	0
202	106	0
203	109	0
204	113	0
205	117	0
206	123	0
207	125	0
208	131	0
209	133	0
210	137	0
211	141	0
212	145	0
213	149	0
214	153	0
215	157	0
216	160	0
217	163	0
218	167	0
219	169	0
220	173	0
221	176	0
222	179	0
223	181	0
224	184	0
225	185	0
226	187	0
227	189	0
228	189	0
229	191	0
230	191	0
231	192	0
232	192	0
233	193	0
234	193	0
235	192	0
236	192	0
237	191	0
238	189	0
239	187	0
240	185	0
241	183	0
242	181	0
243	180	0
244	177	0
245	175	0
246	171	0
247	169	0
248	165	0
249	161	0
250	159	0
251	155	0
252	151	0
253	147	0
254	143	0
255	140	0
256	136	0
257	131	0
258	127	0
259	124	0
260	119	0
261	115	0
262	111	0
263	108	0
264	104	0
265	100	0
266	97	0
267	93	0
268	91	0
269	87	0
270	84	0
271	81	0
272	79	0
273	76	0
274	75	0
275	71	0
276	70	0
277	69	0
278	67	0
279	67	0
280	65	0
281	65	0
282	65	0
283	64	0
284	65	0
285	65	0
286	66	0
287	67	0
288	68	0
289	69	0
290	71	0
291	73	0
292	75	0
293	77	0
294	80	0
295	83	0
296	85	0
297	89	0
298	92	0
299	95	0
300	99	0
301	103	0
302	106	0
303	109	0
304	113	0
305	117	0
306	121	0
307	126	0
308	129	0
309	133	0
310	138	0
311	141	0
312	145	0
313	149	0
314	153	0
315	157	0
316	160	0
317	164	0
318	167	0
319	171	0
320	173	0
321	176	0
322	179	0
323	181	0
324	183	0
325	185	0
326	187	0
327	189	0
328	189	0
329	191	0
330	192	0
331	192	0
332	193	0
333	193	0
334	193	0
335	192	0
336	191	0
337	191	0
338	189	0
339	188	0
340	187	0
341	184	0
342	181	0
343	179	0
344	177	0
345	175	0
346	172	0
347	169	0
348	165	0
349	161	0
350	159	0
351	155	0
352	151	0
353	147	0
354	144	0
355	140	0
356	135	0
357	131	0
358	127	0
359	124	0
360	119	0
361	115	0
362	111	0
363	108	0
364	104	0
365	100	0
366	97	0
367	93	0
368	89	0
369	87	0
370	84	0
371	81	0
372	79	0
373	76	0
374	75	0
375	72	0
376	70	0
377	69	0
378	67	0
379	65	0
380	65	0
381	65	0
382	65	0
383	65	0
384	65	0
385	65	0
386	66	0
387	67	0
388	68	0
389	69	0
390	71	0
391	73	0
392	75	0
393	77	0
394	80	0
395	83	0
396	85	0
397	89	0
398	92	0
399	95	0
400	99	0
401	102	0
402	107	0
403	109	0
404	115	0
405	117	0
406	122	0
407	126	0
408	131	0
409	133	0
410	137	0
411	141	0
412	145	0
413	149	0
414	153	0
415	156	0
416	161	0
417	164	0
418	167	0
419	171	0
420	173	0
421	176	0
422	179	0
423	181	0
424	183	0
425	185	0
426	187	0
427	189	0
428	189	0
429	191	0
430	192	0
431	192	0
432	193	0
433	193	0
434	193	0
435	192	0
436	192	0
437	191	0
438	189	0
439	188	0
440	185	0
441	184	0
442	181	0
443	180	0
444	177	0
445	175	0
446	171	0
447	169	0
448	165	0
449	163	0
450	159	0
451	155	0
452	151	0
453	147	0
454	143	0
455	139	0
456	136	0
457	131	0
458	127	0
459	124	0
460	119	0
461	116	0
462	112	0
463	108	0
464	105	0
465	100	0
466	97	0
467	93	0
468	89	0
469	87	0
470	84	0
471	81	0
472	79	0
473	76	0
474	74	0
475	72	0
476	71	0
477	69	0
478	67	0
479	65	0
480	65	0
481	65	0
482	65	0
483	64	0
484	65	0
485	65	0
486	65	0
487	67	0
488	68	0
489	69	0
490	71	0
491	73	0
492	75	0
493	77	0
494	80	0
495	83	0
496	85	0
497	88	0
498	92	0
499	95	0
500	99	0
501	103	0
502	107	0
503	109	0
504	113	0
505	117	0
506	121	0
507	126	0
508	129	0
509	133	0
510	137	0
511	141	0
512	145	0
513	149	0
514	153	0
515	157	0
516	160	0
517	164	0
518	167	0
519	170	0
520	173	0
521	175	0
522	179	0
523	181	0
524	184	0
525	185	0
526	187	0
527	189	0
528	189	0
529	191	0
530	192	0
531	193	0
532	193	0
533	193	0
534	193	0
535	192	0
536	192	0
537	191	0
538	189	0
539	188	0
540	185	0
541	184	0
542	181	0
543	180	0
544	177	0
545	175	0
546	171	0
547	169	0
548	165	0
549	161	0
550	159	0
551	155	0
552	151	0
553	147	0
554	143	0
555	139	0
556	136	0
557	131	0
558	127	0
559	124	0
560	119	0
561	115	0
562	112	0
563	108	0
564	104	0
565	100	0
566	96	0
567	93	0
568	89	0
569	87	0
570	84	0
571	81	0
572	79	0
573	77	0
574	74	0
575	72	0
576	70	0
577	69	0
578	67	0
579	67	0
580	65	0
581	65	0
582	64	0
583	65	0
584	65	0
585	65	0
586	65	0
587	67	0
588	69	0
589	69	0
590	71	0
591	73	0
592	75	0
593	77	0
594	80	0
595	83	0
596	86	0
597	88	0
598	92	0
599	95	0
600	99	0
601	103	0
602	106	0
603	110	0
604	115	0
605	118	0
606	123	0
607	127	0
608	130	0
609	133	0
610	138	0
611	141	0
612	145	0
613	149	0
614	153	0
615	157	0
616	160	0
617	164	0
618	167	0
619	171	0
620	173	0
621	176	0
622	179	0
623	181	0
624	183	0
625	185	0
626	187	0
627	189	0
628	189	0
629	191	0
630	192	0
631	192	0
632	193	0
633	193	0
634	193	0
635	192	0
636	192	0
637	191	0
638	189	0
639	188	0
640	185	0
641	185	0
642	183	0
643	179	0
644	177	0
645	175	0
646	171	0
647	169	0
648	165	0
649	163	0
650	159	0
651	155	0
652	151	0
653	147	0
654	143	0
655	139	0
656	135	0
657	131	0
658	127	0
659	123	0
660	119	0
661	115	0
662	111	0
663	108	0
664	104	0
665	100	0
666	97	0
667	93	0
668	91	0
669	87	0
670	84	0
671	81	0
672	79	0
673	76	0
674	74	0
675	72	0
676	69	0
677	69	0
678	67	0
679	66	0
680	65	0
681	65	0
682	65	0
683	65	0
684	65	0
685	65	0
686	65	0
687	67	0
688	68	0
689	69	0
690	71	0
691	73	0
692	75	0
693	77	0
694	80	0
695	83	0
696	85	0
697	89	0
698	91	0
699	95	0
700	99	0
701	102	0
702	106	0
703	111	0
704	113	0
705	117	0
706	122	0
707	125	0
708	129	0
709	133	0
710	137	0
711	142	0
712	146	0
713	149	0
714	153	0
715	157	0
716	160	0
717	164	0
718	167	0
719	171	0
720	173	0
721	176	0
722	179	0
723	181	0
724	183	0
725	185	0
726	187	0
727	188	0
728	189	0
729	191	0
730	193	0
731	193	0
732	192	0
733	193	0
734	193	0
735	192	0
736	192	0
737	191	0
738	189	0
739	187	0
740	187	0
741	184	0
742	181	0
743	180	0
744	177	0
745	175	0
746	171	0
747	169	0
748	165	0
749	161	0
750	159	0
751	155	0
752	151	0
753	147	0
754	143	0
755	140	0
756	135	0
757	131	0
758	127	0
759	123	0
760	119	0
761	115	0
762	112	0
763	107	0
764	104	0
765	100	0
766	96	0
767	93	0
768	91	0
769	87	0
770	84	0
771	81	0
772	79	0
773	76	0
774	74	0
775	72	0
776	71	0
777	68	0
778	67	0
779	66	0
780	65	0
781	65	0
782	65	0
783	65	0
784	65	0
785	65	0
786	66	0
787	67	0
788	68	0
789	69	0
790	71	0
791	73	0
792	75	0
793	77	0
794	81	0
795	83	0
796	85	0
797	89	0
798	92	0
799	95	0
800	99	0
801	101	0
802	105	0
803	109	0
804	114	0
805	117	0
806	123	0
807	126	0
808	129	0
809	133	0
810	139	0
811	141	0
812	145	0
813	149	0
814	153	0
815	157	0
816	161	0
817	164	0
818	167	0
819	171	0
820	173	0
821	176	0
822	179	0
823	181	0
824	183	0
825	185	0
826	187	0
827	189	0
828	189	0
829	191	0
830	193	0
831	192	0
832	193	0
833	193	0
834	192	0
835	192	0
836	191	0
837	192	0
838	189	0
839	187	0
840	185	0
841	184	0
842	182	0
843	180	0
844	177	0
845	175	0
846	171	0
847	169	0
848	165	0
849	163	0
850	159	0
851	155	0
852	151	0
853	147	0
854	143	0
855	139	0
856	136	0
857	131	0
858	127	0
859	123	0
860	119	0
861	115	0
862	111	0
863	107	0
864	104	0
865	101	0
866	97	0
867	93	0
868	89	0
869	87	0
870	84	0
871	81	0
872	78	0
873	76	0
874	73	0
875	72	0
876	71	0
877	68	0
878	67	0
879	67	0
880	65	0
881	65	0
882	65	0
883	65	0
884	65	0
885	65	0
886	65	0
887	67	0
888	67	0
889	69	0
890	71	0
891	73	0
892	75	0
893	77	0
894	80	0
895	83	0
896	85	0
897	88	0
898	92	0
899	95	0
900	99	0
901	103	0
902	107	0
903	110	0
904	114	0
905	117	0
906	122	0
907	125	0
908	131	0
909	133	0
910	139	0
911	141	0
912	145	0
913	149	0
914	153	0
915	157	0
916	160	0
917	164	0
918	167	0
919	170	0
920	173	0
921	176	0
922	179	0
923	181	0
924	183	0
925	185	0
926	187	0
927	189	0
928	190	0
929	191	0
930	192	0
931	192	0
932	193	0
933	193	0
934	193	0
935	192	0
936	192	0
937	191	0
938	189	0
939	188	0
940	185	0
941	184	0
942	182	0
943	180	0
944	177	0
945	175	0
946	172	0
947	169	0
948	165	0
949	161	0
950	159	0
951	155	0
952	151	0
953	147	0
954	143	0
955	139	0
956	135	0
957	131	0
958	127	0
959	123	0
960	119	0
961	115	0
962	112	0
963	108	0
964	104	0
965	100	0
966	97	0
967	93	0
968	91	0
969	87	0
970	84	0
971	81	0
972	79	0
973	76	0
974	75	0
975	72	0
976	69	0
977	69	0
978	67	0
979	66	0
980	65	0
981	65	0
982	65	0
983	65	0
984	64	0
985	65	0
986	65	0
987	67	0
988	68	0
989	69	0
990	71	0
991	73	0
992	75	0
993	77	0
994	80	0
995	83	0
996	85	0
997	89	0
998	92	0
999	95	0
