Oscilloscope data. 
Time step = 1,000 uS
Voltage step = 31,25 mV
Zero level = 128

N 	Smpl.	Trig

0	72	0
1	188	0
2	89	0
3	133	0
4	161	0
5	72	0
6	188	0
7	89	0
8	133	0
9	161	0
10	72	0
11	188	0
12	89	0
13	133	0
14	161	0
15	71	0
16	188	0
17	89	0
18	133	0
19	161	0
20	72	0
21	188	0
22	89	0
23	133	0
24	161	0
25	72	0
26	188	0
27	89	0
28	133	0
29	161	0
30	72	0
31	188	0
32	89	0
33	133	0
34	161	0
35	72	0
36	189	0
37	89	0
38	133	0
39	161	0
40	72	0
41	189	0
42	89	0
43	133	0
44	161	0
45	72	0
46	188	0
47	89	0
48	133	0
49	161	0
50	72	0
51	188	0
52	89	0
53	133	0
54	161	0
55	72	0
56	189	0
57	89	0
58	133	0
59	161	0
60	71	0
61	188	0
62	89	0
63	133	0
64	161	0
65	72	0
66	189	0
67	89	0
68	133	0
69	161	0
70	71	0
71	188	0
72	89	0
73	133	0
74	161	0
75	72	0
76	188	0
77	89	0
78	133	0
79	161	0
80	72	0
81	188	0
82	89	0
83	133	0
84	161	0
85	71	0
86	189	0
87	89	0
88	133	0
89	161	0
90	72	0
91	188	0
92	89	0
93	133	0
94	161	0
95	72	0
96	188	0
97	89	0
98	133	0
99	161	0
100	72	0
101	188	0
102	89	0
103	133	0
104	161	0
105	72	0
106	188	0
107	89	0
108	133	0
109	161	0
110	72	0
111	189	0
112	89	0
113	133	0
114	161	0
115	72	0
116	189	0
117	89	0
118	133	0
119	161	0
120	72	0
121	188	0
122	89	0
123	133	0
124	161	0
125	72	0
126	189	0
127	89	0
128	133	0
129	161	0
130	72	0
131	188	0
132	89	0
133	133	0
134	161	0
135	72	0
136	188	0
137	89	0
138	133	0
139	161	0
140	72	0
141	188	0
142	89	0
143	133	0
144	161	0
145	72	0
146	188	0
147	89	0
148	133	0
149	161	0
150	72	0
151	188	0
152	89	0
153	133	0
154	161	0
155	72	0
156	188	0
157	89	0
158	133	0
159	161	0
160	72	0
161	188	0
162	89	0
163	133	0
164	161	0
165	72	0
166	188	0
167	89	0
168	133	0
169	161	0
170	72	0
171	188	0
172	89	0
173	133	0
174	161	0
175	72	0
176	189	0
177	89	0
178	133	0
179	161	0
180	72	0
181	188	0
182	89	0
183	133	0
184	161	0
185	72	0
186	188	0
187	89	0
188	133	0
189	161	0
190	71	0
191	188	0
192	89	0
193	133	0
194	161	0
195	72	0
196	189	0
197	89	0
198	133	0
199	161	0
200	72	0
201	189	0
202	89	0
203	133	0
204	161	0
205	72	0
206	189	0
207	89	0
208	133	0
209	161	0
210	72	0
211	188	0
212	89	0
213	133	0
214	161	0
215	72	0
216	189	0
217	89	0
218	133	0
219	161	0
220	72	0
221	188	0
222	89	0
223	133	0
224	161	0
225	72	0
226	188	0
227	89	0
228	133	0
229	161	0
230	72	0
231	188	0
232	89	0
233	133	0
234	161	0
235	72	0
236	188	0
237	89	0
238	133	0
239	161	0
240	71	0
241	188	0
242	89	0
243	133	0
244	160	0
245	72	0
246	189	0
247	89	0
248	133	0
249	161	0
250	71	0
251	188	0
252	89	0
253	133	0
254	161	0
255	72	0
256	188	0
257	89	0
258	133	0
259	161	0
260	72	0
261	188	0
262	89	0
263	133	0
264	161	0
265	72	0
266	188	0
267	89	0
268	133	0
269	161	0
270	72	0
271	189	0
272	89	0
273	133	0
274	161	0
275	72	0
276	189	0
277	89	0
278	133	0
279	161	0
280	72	0
281	188	0
282	89	0
283	133	0
284	161	0
285	72	0
286	189	0
287	89	0
288	133	0
289	161	0
290	72	0
291	188	0
292	89	0
293	133	0
294	161	0
295	72	0
296	188	0
297	89	0
298	133	0
299	161	0
300	72	0
301	188	0
302	89	0
303	133	0
304	161	0
305	72	0
306	189	0
307	89	0
308	133	0
309	161	0
310	72	0
311	188	0
312	89	0
313	133	0
314	161	0
315	72	0
316	188	0
317	89	0
318	133	0
319	161	0
320	72	0
321	188	0
322	89	0
323	133	0
324	161	0
325	72	0
326	188	0
327	89	0
328	133	0
329	161	0
330	72	0
331	189	0
332	89	0
333	133	0
334	161	0
335	72	0
336	188	0
337	89	0
338	133	0
339	161	0
340	72	0
341	188	0
342	89	0
343	133	0
344	161	0
345	72	0
346	189	0
347	89	0
348	133	0
349	161	0
350	72	0
351	188	0
352	89	0
353	133	0
354	161	0
355	71	0
356	188	0
357	89	0
358	133	0
359	161	0
360	72	0
361	188	0
362	89	0
363	133	0
364	161	0
365	71	0
366	188	0
367	89	0
368	133	0
369	161	0
370	72	0
371	189	0
372	89	0
373	133	0
374	161	0
375	72	0
376	189	0
377	89	0
378	133	0
379	161	0
380	71	0
381	188	0
382	89	0
383	133	0
384	161	0
385	72	0
386	188	0
387	89	0
388	133	0
389	161	0
390	72	0
391	188	0
392	89	0
393	133	0
394	161	0
395	72	0
396	188	0
397	89	0
398	133	0
399	161	0
400	72	0
401	188	0
402	89	0
403	133	0
404	161	0
405	72	0
406	189	0
407	89	0
408	133	0
409	161	0
410	72	0
411	188	0
412	89	0
413	133	0
414	161	0
415	72	0
416	188	0
417	89	0
418	133	0
419	161	0
420	72	0
421	188	0
422	89	0
423	133	0
424	161	0
425	72	0
426	189	0
427	89	0
428	133	0
429	161	0
430	72	0
431	188	0
432	89	0
433	133	0
434	161	0
435	72	0
436	188	0
437	89	0
438	133	0
439	161	0
440	72	0
441	189	0
442	89	0
443	133	0
444	161	0
445	72	0
446	188	0
447	89	0
448	133	0
449	161	0
450	72	0
451	188	0
452	89	0
453	133	0
454	161	0
455	72	0
456	188	0
457	89	0
458	133	0
459	161	0
460	72	0
461	188	0
462	89	0
463	133	0
464	161	0
465	71	0
466	189	0
467	89	0
468	133	0
469	161	0
470	72	0
471	188	0
472	89	0
473	133	0
474	161	0
475	71	0
476	188	0
477	89	0
478	133	0
479	161	0
480	72	0
481	188	0
482	89	0
483	133	0
484	161	0
485	72	0
486	188	0
487	89	0
488	133	0
489	161	0
490	72	0
491	189	0
492	89	0
493	133	0
494	161	0
495	72	0
496	189	0
497	89	0
498	133	0
499	161	0
500	72	0
501	189	0
502	89	0
503	133	0
504	161	0
505	72	0
506	188	0
507	89	0
508	133	0
509	161	0
510	72	0
511	188	0
512	89	0
513	133	0
514	161	0
515	72	0
516	189	0
517	89	0
518	133	0
519	161	0
520	72	0
521	189	0
522	89	0
523	133	0
524	161	0
525	72	0
526	189	0
527	89	0
528	133	0
529	161	0
530	72	0
531	189	0
532	89	0
533	133	0
534	161	0
535	72	0
536	188	0
537	89	0
538	133	0
539	161	0
540	72	0
541	188	0
542	89	0
543	133	0
544	161	0
545	72	0
546	189	0
547	89	0
548	133	0
549	161	0
550	72	0
551	188	0
552	89	0
553	133	0
554	161	0
555	72	0
556	188	0
557	89	0
558	133	0
559	161	0
560	72	0
561	189	0
562	89	0
563	133	0
564	161	0
565	72	0
566	189	0
567	89	0
568	133	0
569	161	0
570	72	0
571	188	0
572	89	0
573	133	0
574	161	0
575	72	0
576	188	0
577	89	0
578	133	0
579	161	0
580	72	0
581	189	0
582	89	0
583	133	0
584	161	0
585	72	0
586	188	0
587	89	0
588	133	0
589	161	0
590	72	0
591	189	0
592	89	0
593	133	0
594	161	0
595	72	0
596	188	0
597	89	0
598	133	0
599	161	0
600	72	0
601	189	0
602	89	0
603	133	0
604	161	0
605	72	0
606	188	0
607	89	0
608	133	0
609	161	0
610	72	0
611	188	0
612	89	0
613	133	0
614	161	0
615	72	0
616	188	0
617	89	0
618	133	0
619	161	0
620	72	0
621	189	0
622	89	0
623	133	0
624	161	0
625	72	0
626	188	0
627	89	0
628	133	0
629	161	0
630	72	0
631	189	0
632	89	0
633	133	0
634	161	0
635	72	0
636	189	0
637	89	0
638	133	0
639	161	0
640	71	0
641	189	0
642	89	0
643	133	0
644	161	0
645	72	0
646	189	0
647	89	0
648	133	0
649	161	0
650	72	0
651	188	0
652	89	0
653	133	0
654	161	0
655	72	0
656	188	0
657	89	0
658	133	0
659	161	0
660	72	0
661	188	0
662	89	0
663	133	0
664	161	0
665	72	0
666	188	0
667	89	0
668	133	0
669	161	0
670	72	0
671	188	0
672	89	0
673	133	0
674	161	0
675	72	0
676	188	0
677	89	0
678	133	0
679	161	0
680	72	0
681	188	0
682	89	0
683	133	0
684	161	0
685	72	0
686	188	0
687	89	0
688	133	0
689	161	0
690	72	0
691	188	0
692	89	0
693	132	0
694	161	0
695	72	0
696	188	0
697	89	0
698	133	0
699	161	0
700	72	0
701	189	0
702	89	0
703	133	0
704	161	0
705	72	0
706	188	0
707	89	0
708	133	0
709	161	0
710	71	0
711	188	0
712	89	0
713	133	0
714	161	0
715	71	0
716	188	0
717	89	0
718	133	0
719	161	0
720	72	0
721	188	0
722	89	0
723	133	0
724	161	0
725	72	0
726	188	0
727	89	0
728	133	0
729	161	0
730	71	0
731	188	0
732	89	0
733	133	0
734	161	0
735	72	0
736	189	0
737	89	0
738	133	0
739	161	0
740	72	0
741	189	0
742	89	0
743	133	0
744	161	0
745	72	0
746	188	0
747	89	0
748	133	0
749	161	0
750	72	0
751	188	0
752	89	0
753	133	0
754	161	0
755	72	0
756	188	0
757	89	0
758	133	0
759	161	0
760	72	0
761	189	0
762	89	0
763	133	0
764	160	0
765	72	0
766	188	0
767	89	0
768	133	0
769	161	0
770	72	0
771	189	0
772	89	0
773	133	0
774	161	0
775	72	0
776	189	0
777	89	0
778	133	0
779	161	0
780	72	0
781	189	0
782	89	0
783	133	0
784	161	0
785	72	0
786	189	0
787	89	0
788	133	0
789	161	0
790	71	0
791	189	0
792	89	0
793	133	0
794	161	0
795	72	0
796	189	0
797	89	0
798	133	0
799	161	0
800	72	0
801	189	0
802	89	0
803	133	0
804	161	0
805	72	0
806	188	0
807	89	0
808	133	0
809	161	0
810	72	0
811	189	0
812	89	0
813	133	0
814	161	0
815	72	0
816	188	0
817	89	0
818	133	0
819	161	0
820	72	0
821	188	0
822	89	0
823	133	0
824	161	0
825	72	0
826	188	0
827	89	0
828	133	0
829	161	0
830	72	0
831	189	0
832	89	0
833	133	0
834	161	0
835	72	0
836	188	0
837	89	0
838	133	0
839	161	0
840	72	0
841	189	0
842	89	0
843	133	0
844	161	0
845	72	0
846	189	0
847	89	0
848	133	0
849	161	0
850	72	0
851	188	0
852	89	0
853	133	0
854	161	0
855	72	0
856	188	0
857	89	0
858	133	0
859	161	0
860	71	0
861	188	0
862	89	0
863	133	0
864	161	0
865	72	0
866	188	0
867	89	0
868	133	0
869	161	0
870	72	0
871	188	0
872	89	0
873	133	0
874	161	0
875	72	0
876	188	0
877	89	0
878	133	0
879	161	0
880	71	0
881	189	0
882	89	0
883	133	0
884	161	0
885	72	0
886	189	0
887	89	0
888	133	0
889	161	0
890	72	0
891	189	0
892	89	0
893	133	0
894	161	0
895	72	0
896	188	0
897	89	0
898	133	0
899	161	0
900	72	0
901	188	0
902	89	0
903	133	0
904	161	0
905	72	0
906	188	0
907	89	0
908	133	0
909	161	0
910	72	0
911	189	0
912	89	0
913	133	0
914	161	0
915	72	0
916	189	0
917	89	0
918	133	0
919	161	0
920	72	0
921	189	0
922	89	0
923	133	0
924	161	0
925	72	0
926	188	0
927	89	0
928	133	0
929	161	0
930	72	0
931	188	0
932	89	0
933	133	0
934	161	0
935	72	0
936	188	0
937	89	0
938	133	0
939	161	0
940	71	0
941	188	0
942	89	0
943	133	0
944	161	0
945	72	0
946	189	0
947	89	0
948	133	0
949	161	0
950	72	0
951	188	0
952	89	0
953	133	0
954	161	0
955	72	0
956	189	0
957	89	0
958	133	0
959	161	0
960	72	0
961	188	0
962	89	0
963	133	0
964	161	0
965	72	0
966	188	0
967	89	0
968	133	0
969	161	0
970	72	0
971	189	0
972	89	0
973	133	0
974	161	0
975	72	0
976	188	0
977	89	0
978	133	0
979	161	0
980	72	0
981	188	0
982	89	0
983	133	0
984	161	0
985	72	0
986	189	0
987	89	0
988	133	0
989	161	0
990	72	0
991	188	0
992	89	0
993	133	0
994	161	0
995	72	0
996	189	0
997	89	0
998	133	0
999	161	0
