Oscilloscope data. 
Time step = 1,000 uS
Voltage step = 31,25 mV
Zero level = 128

N 	Smpl.	Trig

0	73	0
1	157	0
2	138	0
3	85	0
4	189	0
5	74	0
6	157	0
7	138	0
8	85	0
9	189	0
10	73	0
11	157	0
12	137	0
13	87	0
14	189	0
15	73	0
16	157	0
17	139	0
18	85	0
19	189	0
20	74	0
21	157	0
22	139	0
23	85	0
24	189	0
25	73	0
26	157	0
27	138	0
28	85	0
29	189	0
30	73	0
31	156	0
32	139	0
33	85	0
34	189	0
35	73	0
36	157	0
37	139	0
38	86	0
39	189	0
40	73	0
41	157	0
42	139	0
43	85	0
44	189	0
45	73	0
46	157	0
47	139	0
48	86	0
49	189	0
50	75	0
51	157	0
52	139	0
53	85	0
54	189	0
55	73	0
56	157	0
57	138	0
58	86	0
59	189	0
60	73	0
61	157	0
62	139	0
63	86	0
64	189	0
65	74	0
66	157	0
67	139	0
68	85	0
69	189	0
70	73	0
71	157	0
72	138	0
73	87	0
74	189	0
75	73	0
76	157	0
77	138	0
78	85	0
79	189	0
80	73	0
81	157	0
82	138	0
83	85	0
84	189	0
85	73	0
86	157	0
87	139	0
88	85	0
89	189	0
90	73	0
91	157	0
92	137	0
93	85	0
94	189	0
95	73	0
96	156	0
97	139	0
98	85	0
99	189	0
100	73	0
101	157	0
102	138	0
103	85	0
104	189	0
105	73	0
106	157	0
107	139	0
108	87	0
109	189	0
110	74	0
111	157	0
112	137	0
113	86	0
114	189	0
115	75	0
116	157	0
117	139	0
118	85	0
119	189	0
120	73	0
121	157	0
122	137	0
123	85	0
124	189	0
125	73	0
126	157	0
127	139	0
128	85	0
129	189	0
130	73	0
131	157	0
132	138	0
133	85	0
134	189	0
135	73	0
136	157	0
137	139	0
138	85	0
139	189	0
140	73	0
141	157	0
142	137	0
143	85	0
144	189	0
145	73	0
146	157	0
147	137	0
148	85	0
149	189	0
150	73	0
151	157	0
152	139	0
153	85	0
154	189	0
155	73	0
156	157	0
157	138	0
158	85	0
159	189	0
160	73	0
161	157	0
162	137	0
163	85	0
164	189	0
165	74	0
166	157	0
167	137	0
168	85	0
169	189	0
170	73	0
171	157	0
172	138	0
173	85	0
174	189	0
175	73	0
176	157	0
177	138	0
178	85	0
179	189	0
180	73	0
181	157	0
182	139	0
183	85	0
184	189	0
185	73	0
186	156	0
187	139	0
188	85	0
189	189	0
190	73	0
191	157	0
192	139	0
193	85	0
194	189	0
195	74	0
196	157	0
197	137	0
198	87	0
199	189	0
200	73	0
201	157	0
202	137	0
203	87	0
204	189	0
205	73	0
206	157	0
207	139	0
208	85	0
209	189	0
210	73	0
211	157	0
212	138	0
213	85	0
214	189	0
215	73	0
216	157	0
217	139	0
218	85	0
219	189	0
220	73	0
221	157	0
222	139	0
223	85	0
224	189	0
225	73	0
226	157	0
227	139	0
228	85	0
229	189	0
230	73	0
231	157	0
232	139	0
233	85	0
234	189	0
235	74	0
236	157	0
237	139	0
238	85	0
239	189	0
240	74	0
241	157	0
242	139	0
243	85	0
244	189	0
245	73	0
246	157	0
247	137	0
248	85	0
249	189	0
250	73	0
251	157	0
252	139	0
253	85	0
254	189	0
255	73	0
256	157	0
257	139	0
258	85	0
259	189	0
260	73	0
261	157	0
262	139	0
263	85	0
264	189	0
265	73	0
266	157	0
267	139	0
268	85	0
269	189	0
270	73	0
271	157	0
272	139	0
273	85	0
274	189	0
275	75	0
276	157	0
277	139	0
278	85	0
279	189	0
280	73	0
281	157	0
282	137	0
283	85	0
284	189	0
285	73	0
286	157	0
287	139	0
288	85	0
289	189	0
290	73	0
291	157	0
292	138	0
293	85	0
294	189	0
295	73	0
296	157	0
297	138	0
298	85	0
299	189	0
300	73	0
301	157	0
302	139	0
303	85	0
304	189	0
305	74	0
306	157	0
307	138	0
308	86	0
309	189	0
310	73	0
311	157	0
312	139	0
313	85	0
314	189	0
315	73	0
316	157	0
317	137	0
318	87	0
319	189	0
320	73	0
321	157	0
322	139	0
323	85	0
324	189	0
325	74	0
326	157	0
327	139	0
328	85	0
329	189	0
330	73	0
331	157	0
332	137	0
333	85	0
334	189	0
335	74	0
336	157	0
337	139	0
338	86	0
339	189	0
340	74	0
341	157	0
342	138	0
343	85	0
344	189	0
345	75	0
346	157	0
347	139	0
348	85	0
349	189	0
350	73	0
351	157	0
352	138	0
353	85	0
354	189	0
355	74	0
356	157	0
357	138	0
358	85	0
359	189	0
360	73	0
361	157	0
362	137	0
363	87	0
364	189	0
365	73	0
366	157	0
367	139	0
368	85	0
369	189	0
370	75	0
371	157	0
372	139	0
373	86	0
374	189	0
375	73	0
376	157	0
377	139	0
378	85	0
379	189	0
380	74	0
381	157	0
382	138	0
383	86	0
384	189	0
385	74	0
386	157	0
387	139	0
388	85	0
389	189	0
390	73	0
391	157	0
392	137	0
393	85	0
394	189	0
395	73	0
396	157	0
397	139	0
398	85	0
399	189	0
400	74	0
401	156	0
402	138	0
403	86	0
404	189	0
405	73	0
406	157	0
407	139	0
408	85	0
409	189	0
410	73	0
411	157	0
412	137	0
413	85	0
414	189	0
415	73	0
416	157	0
417	139	0
418	85	0
419	189	0
420	73	0
421	157	0
422	139	0
423	85	0
424	189	0
425	73	0
426	157	0
427	137	0
428	85	0
429	189	0
430	73	0
431	157	0
432	139	0
433	85	0
434	189	0
435	73	0
436	157	0
437	137	0
438	85	0
439	189	0
440	73	0
441	157	0
442	139	0
443	85	0
444	189	0
445	73	0
446	157	0
447	138	0
448	85	0
449	189	0
450	73	0
451	157	0
452	139	0
453	86	0
454	189	0
455	73	0
456	157	0
457	139	0
458	85	0
459	189	0
460	73	0
461	157	0
462	139	0
463	85	0
464	189	0
465	75	0
466	157	0
467	139	0
468	86	0
469	189	0
470	73	0
471	157	0
472	139	0
473	85	0
474	189	0
475	75	0
476	157	0
477	137	0
478	86	0
479	189	0
480	73	0
481	157	0
482	138	0
483	86	0
484	189	0
485	75	0
486	157	0
487	137	0
488	85	0
489	189	0
490	74	0
491	157	0
492	139	0
493	85	0
494	189	0
495	73	0
496	157	0
497	139	0
498	85	0
499	189	0
500	73	0
501	157	0
502	138	0
503	86	0
504	189	0
505	73	0
506	157	0
507	139	0
508	85	0
509	189	0
510	73	0
511	157	0
512	139	0
513	85	0
514	189	0
515	73	0
516	157	0
517	139	0
518	85	0
519	189	0
520	73	0
521	157	0
522	138	0
523	85	0
524	189	0
525	73	0
526	157	0
527	139	0
528	85	0
529	189	0
530	73	0
531	157	0
532	139	0
533	85	0
534	189	0
535	73	0
536	157	0
537	138	0
538	85	0
539	189	0
540	73	0
541	157	0
542	138	0
543	85	0
544	189	0
545	73	0
546	157	0
547	137	0
548	85	0
549	189	0
550	74	0
551	157	0
552	139	0
553	85	0
554	189	0
555	73	0
556	157	0
557	139	0
558	85	0
559	189	0
560	75	0
561	157	0
562	138	0
563	85	0
564	189	0
565	73	0
566	157	0
567	139	0
568	86	0
569	189	0
570	73	0
571	157	0
572	138	0
573	87	0
574	189	0
575	74	0
576	157	0
577	137	0
578	85	0
579	189	0
580	73	0
581	157	0
582	137	0
583	85	0
584	189	0
585	73	0
586	157	0
587	137	0
588	85	0
589	189	0
590	73	0
591	156	0
592	137	0
593	85	0
594	189	0
595	73	0
596	157	0
597	139	0
598	86	0
599	189	0
600	75	0
601	157	0
602	139	0
603	85	0
604	189	0
605	73	0
606	157	0
607	139	0
608	85	0
609	189	0
610	73	0
611	157	0
612	139	0
613	85	0
614	189	0
615	73	0
616	157	0
617	139	0
618	85	0
619	189	0
620	74	0
621	157	0
622	138	0
623	85	0
624	189	0
625	73	0
626	157	0
627	139	0
628	86	0
629	189	0
630	75	0
631	157	0
632	139	0
633	86	0
634	189	0
635	74	0
636	157	0
637	139	0
638	85	0
639	189	0
640	73	0
641	157	0
642	138	0
643	85	0
644	189	0
645	73	0
646	157	0
647	139	0
648	85	0
649	189	0
650	73	0
651	157	0
652	138	0
653	85	0
654	189	0
655	73	0
656	157	0
657	139	0
658	85	0
659	189	0
660	73	0
661	157	0
662	139	0
663	86	0
664	189	0
665	73	0
666	157	0
667	137	0
668	85	0
669	189	0
670	73	0
671	157	0
672	137	0
673	86	0
674	189	0
675	75	0
676	157	0
677	139	0
678	85	0
679	189	0
680	73	0
681	157	0
682	139	0
683	86	0
684	189	0
685	73	0
686	157	0
687	139	0
688	85	0
689	189	0
690	73	0
691	157	0
692	137	0
693	85	0
694	189	0
695	74	0
696	157	0
697	139	0
698	85	0
699	189	0
700	73	0
701	157	0
702	139	0
703	85	0
704	189	0
705	75	0
706	157	0
707	139	0
708	85	0
709	189	0
710	73	0
711	157	0
712	138	0
713	85	0
714	189	0
715	73	0
716	157	0
717	138	0
718	85	0
719	189	0
720	73	0
721	157	0
722	139	0
723	85	0
724	189	0
725	73	0
726	157	0
727	137	0
728	85	0
729	189	0
730	73	0
731	157	0
732	139	0
733	85	0
734	189	0
735	73	0
736	157	0
737	138	0
738	85	0
739	189	0
740	73	0
741	157	0
742	138	0
743	85	0
744	189	0
745	74	0
746	157	0
747	139	0
748	85	0
749	189	0
750	73	0
751	157	0
752	139	0
753	85	0
754	189	0
755	73	0
756	157	0
757	139	0
758	85	0
759	189	0
760	73	0
761	157	0
762	139	0
763	85	0
764	189	0
765	74	0
766	157	0
767	137	0
768	85	0
769	189	0
770	75	0
771	157	0
772	139	0
773	85	0
774	189	0
775	73	0
776	157	0
777	139	0
778	85	0
779	189	0
780	73	0
781	157	0
782	139	0
783	85	0
784	189	0
785	75	0
786	157	0
787	139	0
788	85	0
789	189	0
790	75	0
791	157	0
792	138	0
793	85	0
794	189	0
795	73	0
796	157	0
797	139	0
798	85	0
799	189	0
800	74	0
801	156	0
802	139	0
803	85	0
804	189	0
805	73	0
806	157	0
807	139	0
808	86	0
809	189	0
810	73	0
811	157	0
812	139	0
813	85	0
814	189	0
815	73	0
816	156	0
817	137	0
818	85	0
819	189	0
820	75	0
821	157	0
822	139	0
823	86	0
824	189	0
825	73	0
826	157	0
827	139	0
828	85	0
829	189	0
830	73	0
831	157	0
832	137	0
833	85	0
834	189	0
835	74	0
836	157	0
837	137	0
838	86	0
839	189	0
840	73	0
841	157	0
842	139	0
843	85	0
844	189	0
845	73	0
846	157	0
847	139	0
848	85	0
849	189	0
850	73	0
851	157	0
852	139	0
853	85	0
854	189	0
855	74	0
856	157	0
857	139	0
858	85	0
859	189	0
860	73	0
861	157	0
862	138	0
863	85	0
864	189	0
865	73	0
866	157	0
867	138	0
868	85	0
869	189	0
870	73	0
871	157	0
872	138	0
873	85	0
874	189	0
875	75	0
876	157	0
877	139	0
878	86	0
879	189	0
880	74	0
881	157	0
882	138	0
883	86	0
884	189	0
885	74	0
886	157	0
887	139	0
888	86	0
889	189	0
890	73	0
891	157	0
892	139	0
893	85	0
894	189	0
895	75	0
896	157	0
897	139	0
898	85	0
899	189	0
900	73	0
901	157	0
902	139	0
903	85	0
904	189	0
905	73	0
906	157	0
907	138	0
908	85	0
909	189	0
910	73	0
911	157	0
912	138	0
913	85	0
914	189	0
915	74	0
916	157	0
917	139	0
918	85	0
919	189	0
920	74	0
921	157	0
922	139	0
923	87	0
924	189	0
925	73	0
926	157	0
927	139	0
928	86	0
929	189	0
930	74	0
931	157	0
932	139	0
933	86	0
934	189	0
935	73	0
936	157	0
937	138	0
938	85	0
939	189	0
940	73	0
941	157	0
942	139	0
943	86	0
944	189	0
945	74	0
946	157	0
947	139	0
948	85	0
949	189	0
950	74	0
951	157	0
952	139	0
953	85	0
954	189	0
955	75	0
956	157	0
957	138	0
958	85	0
959	189	0
960	75	0
961	157	0
962	139	0
963	85	0
964	189	0
965	74	0
966	157	0
967	139	0
968	86	0
969	189	0
970	73	0
971	157	0
972	139	0
973	85	0
974	189	0
975	73	0
976	157	0
977	139	0
978	85	0
979	189	0
980	73	0
981	157	0
982	138	0
983	85	0
984	189	0
985	73	0
986	157	0
987	139	0
988	87	0
989	189	0
990	73	0
991	157	0
992	139	0
993	85	0
994	189	0
995	74	0
996	157	0
997	139	0
998	85	0
999	189	0
