Oscilloscope data. 
Time step = 1,000 uS
Voltage step = 31,25 mV
Zero level = 128

N 	Smpl.	Trig

0	169	0
1	135	0
2	99	0
3	76	0
4	71	0
5	89	0
6	123	0
7	157	0
8	181	0
9	185	0
10	169	0
11	135	0
12	99	0
13	75	0
14	71	0
15	90	0
16	123	0
17	157	0
18	181	0
19	186	0
20	169	0
21	134	0
22	99	0
23	75	0
24	71	0
25	89	0
26	123	0
27	157	0
28	182	0
29	187	0
30	168	0
31	135	0
32	99	0
33	75	0
34	71	0
35	89	0
36	123	0
37	158	0
38	182	0
39	186	0
40	169	0
41	135	0
42	99	0
43	76	0
44	71	0
45	89	0
46	123	0
47	159	0
48	181	0
49	187	0
50	169	0
51	135	0
52	99	0
53	75	0
54	71	0
55	89	0
56	123	0
57	157	0
58	181	0
59	187	0
60	168	0
61	135	0
62	100	0
63	75	0
64	71	0
65	89	0
66	123	0
67	158	0
68	181	0
69	187	0
70	168	0
71	135	0
72	100	0
73	76	0
74	72	0
75	89	0
76	123	0
77	158	0
78	181	0
79	186	0
80	168	0
81	135	0
82	99	0
83	75	0
84	71	0
85	89	0
86	122	0
87	157	0
88	182	0
89	187	0
90	168	0
91	135	0
92	99	0
93	76	0
94	71	0
95	89	0
96	123	0
97	157	0
98	182	0
99	187	0
100	168	0
101	135	0
102	100	0
103	75	0
104	71	0
105	89	0
106	123	0
107	157	0
108	181	0
109	186	0
110	169	0
111	135	0
112	99	0
113	75	0
114	72	0
115	89	0
116	123	0
117	158	0
118	181	0
119	186	0
120	168	0
121	135	0
122	99	0
123	75	0
124	71	0
125	89	0
126	123	0
127	158	0
128	181	0
129	187	0
130	169	0
131	136	0
132	99	0
133	75	0
134	71	0
135	89	0
136	123	0
137	157	0
138	183	0
139	185	0
140	168	0
141	135	0
142	99	0
143	75	0
144	72	0
145	89	0
146	122	0
147	159	0
148	182	0
149	185	0
150	169	0
151	135	0
152	99	0
153	75	0
154	71	0
155	89	0
156	123	0
157	157	0
158	182	0
159	187	0
160	168	0
161	135	0
162	99	0
163	75	0
164	71	0
165	89	0
166	123	0
167	158	0
168	181	0
169	187	0
170	168	0
171	135	0
172	99	0
173	75	0
174	71	0
175	89	0
176	123	0
177	157	0
178	181	0
179	187	0
180	169	0
181	135	0
182	100	0
183	75	0
184	71	0
185	89	0
186	122	0
187	158	0
188	182	0
189	185	0
190	169	0
191	135	0
192	99	0
193	75	0
194	72	0
195	89	0
196	123	0
197	159	0
198	181	0
199	185	0
200	169	0
201	136	0
202	99	0
203	75	0
204	71	0
205	89	0
206	123	0
207	157	0
208	181	0
209	185	0
210	168	0
211	135	0
212	99	0
213	75	0
214	71	0
215	89	0
216	123	0
217	157	0
218	181	0
219	186	0
220	169	0
221	135	0
222	100	0
223	75	0
224	72	0
225	89	0
226	123	0
227	157	0
228	181	0
229	187	0
230	168	0
231	135	0
232	99	0
233	75	0
234	71	0
235	89	0
236	123	0
237	158	0
238	181	0
239	186	0
240	169	0
241	135	0
242	100	0
243	75	0
244	71	0
245	89	0
246	121	0
247	157	0
248	181	0
249	187	0
250	168	0
251	135	0
252	99	0
253	75	0
254	71	0
255	89	0
256	123	0
257	157	0
258	181	0
259	187	0
260	168	0
261	135	0
262	100	0
263	75	0
264	71	0
265	89	0
266	123	0
267	157	0
268	183	0
269	185	0
270	169	0
271	135	0
272	100	0
273	75	0
274	71	0
275	89	0
276	123	0
277	157	0
278	181	0
279	187	0
280	169	0
281	135	0
282	100	0
283	75	0
284	71	0
285	89	0
286	122	0
287	158	0
288	181	0
289	187	0
290	169	0
291	135	0
292	99	0
293	75	0
294	71	0
295	89	0
296	121	0
297	158	0
298	182	0
299	187	0
300	169	0
301	135	0
302	100	0
303	75	0
304	71	0
305	89	0
306	122	0
307	158	0
308	181	0
309	185	0
310	169	0
311	135	0
312	100	0
313	75	0
314	71	0
315	89	0
316	123	0
317	157	0
318	182	0
319	187	0
320	168	0
321	135	0
322	99	0
323	75	0
324	71	0
325	89	0
326	122	0
327	157	0
328	181	0
329	187	0
330	169	0
331	135	0
332	100	0
333	75	0
334	71	0
335	89	0
336	123	0
337	157	0
338	181	0
339	187	0
340	169	0
341	135	0
342	100	0
343	75	0
344	71	0
345	89	0
346	123	0
347	157	0
348	181	0
349	186	0
350	168	0
351	135	0
352	100	0
353	76	0
354	71	0
355	89	0
356	122	0
357	159	0
358	181	0
359	187	0
360	169	0
361	135	0
362	100	0
363	75	0
364	71	0
365	90	0
366	123	0
367	157	0
368	181	0
369	186	0
370	169	0
371	135	0
372	100	0
373	75	0
374	72	0
375	89	0
376	123	0
377	159	0
378	181	0
379	187	0
380	169	0
381	135	0
382	99	0
383	75	0
384	71	0
385	89	0
386	123	0
387	159	0
388	181	0
389	187	0
390	169	0
391	135	0
392	99	0
393	76	0
394	72	0
395	89	0
396	122	0
397	157	0
398	182	0
399	186	0
400	168	0
401	135	0
402	100	0
403	75	0
404	71	0
405	89	0
406	123	0
407	158	0
408	181	0
409	187	0
410	169	0
411	135	0
412	99	0
413	75	0
414	71	0
415	89	0
416	121	0
417	157	0
418	182	0
419	187	0
420	169	0
421	135	0
422	100	0
423	75	0
424	71	0
425	89	0
426	123	0
427	157	0
428	183	0
429	187	0
430	169	0
431	135	0
432	100	0
433	75	0
434	71	0
435	89	0
436	123	0
437	157	0
438	183	0
439	187	0
440	168	0
441	135	0
442	100	0
443	75	0
444	71	0
445	89	0
446	123	0
447	158	0
448	181	0
449	187	0
450	168	0
451	135	0
452	99	0
453	75	0
454	71	0
455	89	0
456	123	0
457	157	0
458	181	0
459	187	0
460	168	0
461	135	0
462	100	0
463	75	0
464	71	0
465	89	0
466	123	0
467	157	0
468	181	0
469	187	0
470	168	0
471	135	0
472	99	0
473	75	0
474	71	0
475	89	0
476	122	0
477	158	0
478	182	0
479	187	0
480	169	0
481	135	0
482	99	0
483	76	0
484	71	0
485	89	0
486	123	0
487	158	0
488	183	0
489	187	0
490	168	0
491	135	0
492	100	0
493	76	0
494	71	0
495	89	0
496	123	0
497	157	0
498	181	0
499	187	0
500	169	0
501	135	0
502	99	0
503	75	0
504	71	0
505	89	0
506	123	0
507	159	0
508	182	0
509	187	0
510	168	0
511	135	0
512	99	0
513	75	0
514	71	0
515	89	0
516	123	0
517	158	0
518	181	0
519	187	0
520	168	0
521	136	0
522	99	0
523	75	0
524	71	0
525	89	0
526	121	0
527	157	0
528	183	0
529	186	0
530	168	0
531	135	0
532	100	0
533	75	0
534	71	0
535	89	0
536	123	0
537	157	0
538	181	0
539	185	0
540	169	0
541	135	0
542	100	0
543	75	0
544	71	0
545	89	0
546	123	0
547	157	0
548	181	0
549	187	0
550	168	0
551	135	0
552	100	0
553	76	0
554	71	0
555	89	0
556	123	0
557	158	0
558	181	0
559	187	0
560	168	0
561	135	0
562	99	0
563	75	0
564	71	0
565	91	0
566	123	0
567	158	0
568	181	0
569	187	0
570	169	0
571	135	0
572	100	0
573	75	0
574	71	0
575	89	0
576	123	0
577	157	0
578	182	0
579	185	0
580	169	0
581	135	0
582	100	0
583	75	0
584	71	0
585	89	0
586	123	0
587	158	0
588	181	0
589	187	0
590	169	0
591	135	0
592	99	0
593	76	0
594	71	0
595	89	0
596	121	0
597	157	0
598	181	0
599	187	0
600	168	0
601	135	0
602	99	0
603	75	0
604	71	0
605	89	0
606	123	0
607	157	0
608	181	0
609	187	0
610	169	0
611	135	0
612	100	0
613	75	0
614	72	0
615	89	0
616	123	0
617	157	0
618	181	0
619	187	0
620	168	0
621	135	0
622	99	0
623	75	0
624	71	0
625	89	0
626	121	0
627	157	0
628	181	0
629	187	0
630	169	0
631	135	0
632	99	0
633	75	0
634	71	0
635	89	0
636	121	0
637	157	0
638	181	0
639	185	0
640	169	0
641	135	0
642	99	0
643	75	0
644	71	0
645	89	0
646	123	0
647	157	0
648	181	0
649	186	0
650	168	0
651	135	0
652	99	0
653	75	0
654	71	0
655	89	0
656	123	0
657	157	0
658	181	0
659	187	0
660	169	0
661	135	0
662	99	0
663	75	0
664	71	0
665	89	0
666	122	0
667	157	0
668	182	0
669	185	0
670	169	0
671	135	0
672	100	0
673	76	0
674	71	0
675	89	0
676	123	0
677	157	0
678	182	0
679	187	0
680	168	0
681	135	0
682	99	0
683	75	0
684	71	0
685	89	0
686	122	0
687	157	0
688	181	0
689	187	0
690	168	0
691	135	0
692	99	0
693	75	0
694	71	0
695	89	0
696	121	0
697	157	0
698	181	0
699	186	0
700	169	0
701	136	0
702	100	0
703	75	0
704	71	0
705	89	0
706	123	0
707	157	0
708	181	0
709	186	0
710	169	0
711	135	0
712	100	0
713	75	0
714	71	0
715	89	0
716	123	0
717	157	0
718	181	0
719	186	0
720	169	0
721	136	0
722	99	0
723	75	0
724	72	0
725	89	0
726	123	0
727	158	0
728	181	0
729	185	0
730	169	0
731	135	0
732	99	0
733	75	0
734	71	0
735	89	0
736	123	0
737	158	0
738	181	0
739	185	0
740	169	0
741	135	0
742	99	0
743	75	0
744	71	0
745	91	0
746	122	0
747	157	0
748	183	0
749	187	0
750	169	0
751	135	0
752	99	0
753	75	0
754	71	0
755	89	0
756	123	0
757	157	0
758	181	0
759	187	0
760	169	0
761	135	0
762	99	0
763	76	0
764	71	0
765	89	0
766	121	0
767	157	0
768	181	0
769	185	0
770	168	0
771	135	0
772	100	0
773	75	0
774	71	0
775	89	0
776	122	0
777	157	0
778	181	0
779	185	0
780	168	0
781	135	0
782	99	0
783	75	0
784	71	0
785	89	0
786	123	0
787	157	0
788	181	0
789	186	0
790	168	0
791	135	0
792	100	0
793	76	0
794	71	0
795	89	0
796	123	0
797	158	0
798	181	0
799	187	0
800	168	0
801	135	0
802	100	0
803	75	0
804	71	0
805	89	0
806	123	0
807	157	0
808	181	0
809	187	0
810	169	0
811	135	0
812	100	0
813	75	0
814	71	0
815	89	0
816	123	0
817	158	0
818	181	0
819	187	0
820	169	0
821	135	0
822	99	0
823	75	0
824	71	0
825	89	0
826	122	0
827	157	0
828	181	0
829	187	0
830	169	0
831	135	0
832	99	0
833	75	0
834	71	0
835	89	0
836	123	0
837	157	0
838	181	0
839	186	0
840	169	0
841	135	0
842	99	0
843	75	0
844	71	0
845	89	0
846	123	0
847	157	0
848	182	0
849	186	0
850	169	0
851	135	0
852	99	0
853	75	0
854	71	0
855	89	0
856	123	0
857	157	0
858	182	0
859	187	0
860	168	0
861	135	0
862	99	0
863	75	0
864	71	0
865	89	0
866	122	0
867	159	0
868	181	0
869	185	0
870	168	0
871	135	0
872	99	0
873	75	0
874	72	0
875	89	0
876	123	0
877	157	0
878	181	0
879	186	0
880	169	0
881	135	0
882	100	0
883	75	0
884	71	0
885	89	0
886	123	0
887	159	0
888	181	0
889	186	0
890	169	0
891	135	0
892	99	0
893	75	0
894	71	0
895	89	0
896	122	0
897	157	0
898	181	0
899	186	0
900	169	0
901	135	0
902	99	0
903	75	0
904	71	0
905	89	0
906	121	0
907	157	0
908	181	0
909	186	0
910	169	0
911	135	0
912	100	0
913	75	0
914	71	0
915	89	0
916	122	0
917	157	0
918	181	0
919	185	0
920	169	0
921	135	0
922	100	0
923	75	0
924	71	0
925	89	0
926	123	0
927	157	0
928	182	0
929	186	0
930	169	0
931	135	0
932	100	0
933	75	0
934	71	0
935	89	0
936	123	0
937	158	0
938	181	0
939	187	0
940	168	0
941	135	0
942	100	0
943	75	0
944	72	0
945	89	0
946	122	0
947	157	0
948	182	0
949	187	0
950	169	0
951	135	0
952	99	0
953	75	0
954	71	0
955	89	0
956	123	0
957	158	0
958	181	0
959	185	0
960	169	0
961	135	0
962	99	0
963	75	0
964	71	0
965	89	0
966	123	0
967	158	0
968	181	0
969	187	0
970	169	0
971	135	0
972	99	0
973	75	0
974	71	0
975	89	0
976	123	0
977	157	0
978	181	0
979	186	0
980	169	0
981	135	0
982	99	0
983	75	0
984	71	0
985	89	0
986	123	0
987	157	0
988	181	0
989	187	0
990	168	0
991	135	0
992	99	0
993	75	0
994	72	0
995	89	0
996	123	0
997	158	0
998	181	0
999	187	0
